"ENSG00000132975.7" "ENSG00000163106.9" "ENSG00000172236.15" "ENSG00000188626.6" "ENSG00000197253.12" "ENSG00000230453.8" "ENSG00000232431.3" "ENSG00000248334.5" "ENSG00000254369.5" "ENSG00000267453.5"
"TARGET-20-PADZCG" -4.9298852086283 -1.75078970331051 3.88318384921101 1.682999 2.896547 1.433346 -0.286907 3.081828 2.03427 -4.122922
"TARGET-20-PAEAKL" -4.41383681759027 -6.92714510255903 0.329056149129153 3.457917 -0.7644684 -1.237154 3.691902 4.457377 1.725578 -6.927145
"TARGET-20-PAEIKD" -5.93368996504202 -0.0697872944917257 3.00372864036767 4.827923 5.89322 -4.615703 1.644732 5.91519 1.408504 -0.09466
"TARGET-20-PAKIWK" -4.79600557250052 0.821764156119265 1.02580720848984 -2.959109 1.658338 0.8065687 -5.225039 2.115204 -1.511167 -2.11747
"TARGET-20-PAKIYW" -3.97734182524155 0.724706673051057 5.57239703126799 1.066773 1.122772 -2.772036 -0.3046051 3.374588 1.047612 1.853887
"TARGET-20-PAKLPD" -4.55511504325066 -3.32570514847158 -1.70999256840296 2.660653 0.4776546 -4.211489 2.491941 4.639517 4.077454 -2.780917
"TARGET-20-PAKVGI" -2.73392211925838 -1.36903746180522 -2.25480609420834 -2.733922 -2.175491 -4.970281 -0.4529315 5.369723 3.291222 -3.890566
"TARGET-20-PAMYAS" 3.26593483899336 4.57039504263193 4.99393586826677 -6.927145 6.016512 -5.377763 -6.927145 0.6118897 -6.927145 6.918226
"TARGET-20-PAMYGX" -6.14093711951908 -3.54600518712321 -3.11550532049371 3.801127 -3.649989 5.296536 1.966371 5.708708 5.424843 -6.927145
"TARGET-20-PANDIX" -6.92714510255904 -2.30816568292934 3.61943911129989 0.2960859 2.819735 1.096879 0.6328655 4.594318 -0.9907162 -6.021748
"TARGET-20-PANFMG" -5.72335977605491 2.6518152083593 1.06077774514038 4.437998 4.261533 -2.100745 1.503751 5.126167 1.837869 -5.72336
"TARGET-20-PANGDN" -5.10703656847931 -3.02787984776721 0.410239783499496 2.758655 2.269935 -3.155747 2.342724 4.736669 2.933795 -5.747291
"TARGET-20-PANGJY" -6.92714510255903 0.513386004833046 -1.91518719587255 -5.611652 0.2270953 -2.807988 -2.689392 0.06782174 3.393039 -4.476496
"TARGET-20-PANKNB" -6.92714510255903 1.2587855515093 4.73911250349683 3.336705 6.813816 -4.503808 3.341817 3.494214 1.823945 -4.503808
"TARGET-20-PANPKN" -4.48386172340258 -0.670525396027738 1.53090755966469 -5.617041 1.001541 -2.486571 -6.927145 2.428163 -2.816487 -1.015843
"TARGET-20-PANSBH" -0.824137497795189 0.264160532268334 2.94385275393339 -2.579952 0.2641605 -4.381589 -4.848004 0.7805472 -0.1797133 -4.02969
"TARGET-20-PANTNA" 1.59290388286088 4.65880809261162 10.7312773677356 -3.181871 9.662716 -2.633222 -4.890612 3.00472 0.02183062 1.580659
"TARGET-20-PAPBEJ" -3.78766922067632 -1.32010370001293 -2.87194267727972 -4.293011 -4.766219 4.505323 -3.937273 4.734421 -0.1523509 -4.5103
"TARGET-20-PAPXRJ" -4.97230218515691 -0.503167898724983 4.45191925104792 -3.659578 5.611202 1.350139 -6.927145 1.810126 3.706721 -3.125436
"TARGET-20-PARBIU" -5.46590894137627 -0.24485793454247 -3.01760861637399 6.445781 -4.280907 4.142282 4.353266 6.941725 3.360945 -6.018931
"TARGET-20-PARBRA" -5.67677241484337 -5.67677241484337 -0.469701685364681 3.665436 -5.017158 4.6778 4.99631 5.017664 4.171069 -5.676772
"TARGET-20-PARCUK" -1.54465776190097 -4.39358768728505 -0.161949001528868 2.647649 -0.3663608 -1.180571 3.813497 3.736775 2.504888 -1.464118
"TARGET-20-PARDDY" -5.77350058480561 4.01981631927503 2.64568960494527 -0.7321841 -0.5510912 2.040654 -5.773501 4.712864 -2.001428 1.53435
"TARGET-20-PARKCX" -6.92714510255904 -1.98206666263933 0.169932783490753 4.414485 0.5633302 -0.8964086 3.277516 6.294924 2.665958 -2.292334
"TARGET-20-PARPDS" -3.84128646449514 1.56689673236432 1.78299471054857 -4.559377 1.347942 -4.559377 -6.053502 0.502893 -1.89916 -6.053502
"TARGET-20-PARUNX" -6.92714510255904 5.88264086352391 4.07222858406466 -6.927145 4.38199 -2.571712 -6.927145 -0.2070097 0.2286788 2.01328
"TARGET-20-PARUTH" 0.606817567537654 3.49428585453903 10.4782772116289 -3.394032 8.546693 -4.459152 -6.927145 -2.189161 -0.7875536 6.420585
"TARGET-20-PARYGA" -6.92714510255903 -0.802522996003151 1.53438615900604 -0.3061169 2.71589 -3.081879 0.6581141 3.311701 2.384038 -1.159198
"TARGET-20-PARYVW" -1.26395990482417 4.54376724043777 5.66029671860629 -0.4442216 1.937794 -2.41566 -5.151824 3.565055 0.7912284 -1.658161
"TARGET-20-PASBPK" -5.62234716228361 -1.2548130532481 -0.955357125395038 0.5200867 -2.399989 0.06678108 0.7238119 3.393494 1.972028 -4.144325
"TARGET-20-PASCFW" -3.66161963994007 -2.9859463811307 -4.97399283205425 -4.973993 -4.173456 3.250891 -6.927145 4.258297 -5.642573 -4.173456
"TARGET-20-PASFEW" -5.30336744565529 -3.06600742902152 -1.54879703803607 3.614469 -1.741645 3.02999 -3.415039 5.383347 -4.883551 -5.897936
"TARGET-20-PASGMZ" -4.53794202082796 -0.368710009112732 4.89327052987827 -0.5046836 3.456758 -2.056393 -3.48218 2.969626 2.105646 -1.636274
"TARGET-20-PASGWH" -5.49699438190066 0.366711615721667 -2.63125788890529 -3.683211 -2.029385 -1.279033 -6.927145 1.517553 2.021724 -0.8959165
"TARGET-20-PASIBG" -4.87164530428521 6.18186801519685 4.54937565179593 -4.056533 2.417737 -4.546092 -3.051385 0.4313327 -0.3308274 1.311047
"TARGET-20-PASMGW" -2.26111942757862 -1.01483298962752 2.29802569920606 3.879978 1.921076 1.735095 2.114693 4.774094 3.75554 -2.593627
"TARGET-20-PASVVS" -6.92714510255903 -0.587099592222746 2.93733758317977 3.8924 -1.482245 -2.505697 2.420038 4.627142 1.625599 0.8911922
"TARGET-20-PASVYA" -6.92714510255903 -0.245181500199757 -2.57395074865729 -0.7418392 -3.073429 -0.9658689 -6.927145 3.894824 -2.203633 -4.93058
"TARGET-20-PASVYL" -4.04036141478569 -2.80220790596284 -0.967821350753277 5.647719 -1.354229 -2.879814 3.053973 7.004178 -0.6806063 -1.768396
"TARGET-20-PASWAJ" -2.05651641622841 2.93377845442218 6.00299624501399 3.303899 1.785493 2.696038 1.92434 4.706741 3.08206 1.512179
"TARGET-20-PASWAT" -2.03614595995937 0.0954570665036044 7.45813705530044 2.00951 6.324168 -2.48705 1.414259 4.361594 2.935843 1.42836
"TARGET-20-PASWLN" -3.21480823083539 -2.71856353486276 6.10411159095599 3.595835 4.592703 5.256392 1.387957 5.400792 4.677413 -6.927145
"TARGET-20-PASZLJ" -2.146992382502 -2.19574447509412 6.87071653494344 4.364182 3.013132 5.382695 1.881401 5.865073 3.608738 -1.274601
"TARGET-20-PATJHJ" -6.00207655765209 -2.75108451075805 -4.25073173428338 -2.82466 -2.374438 -0.3247229 -5.442982 -0.5247977 -0.4501171 -6.002077
"TARGET-20-PALGKX" 2.34188399441011 7.76872757756234 10.6389809558536 -2.713901 9.985855 -3.19552 -5.465163 0.0454964 -6.927145 7.944961
"TARGET-20-PANAEV" -5.27026642043306 -3.12805643826507 5.64981459938733 -6.927145 0.04891443 -0.02708192 -6.927145 0.1898587 2.503448 -0.5551202
"TARGET-20-PANBZH" 3.49157540496201 3.95032346959042 7.5211332706618 -4.224518 7.241661 -3.515413 -5.018359 -1.117252 -3.947609 4.186574
"TARGET-20-PANHYK" -0.737669354295979 7.18290568001632 7.55358623478577 -3.388564 6.839269 -5.178651 -6.927145 1.382333 -4.411091 7.227554
"TARGET-20-PANKKE" 3.15926384068011 4.77873207815824 9.44134913442665 -6.927145 5.022068 -5.62157 -6.927145 -3.428542 -6.927145 5.223701
"TARGET-20-PANLIR" -2.90373536570831 2.47606953667169 5.23383621210816 -2.175202 5.52381 0.2923998 -6.927145 1.989543 -4.908387 2.941706
"TARGET-20-PANLIZ" 2.89424604862431 3.91971964795041 5.7847322287725 -6.927145 5.306382 -4.851192 -5.876068 -0.2731816 -5.876068 2.470024
"TARGET-20-PANLJN" 0.962589945396792 1.51863288282433 7.71588374284751 -6.927145 4.705886 -6.927145 -6.927145 -0.9178397 2.788286 9.031748
"TARGET-20-PANNHB" 1.30422705428046 5.38757454204685 6.28424368584825 -6.927145 6.18376 -4.965883 -5.636124 0.07664871 -6.927145 6.282261
"TARGET-20-PANPTM" 4.69940390935155 5.3726051986804 9.36802177433088 -6.927145 5.146145 -6.927145 -6.927145 -2.002293 -5.362333 3.853914
"TARGET-20-PANTPW" -0.266817840878108 4.99910094922292 6.99070223915677 -0.2072791 2.311308 -6.927145 -6.927145 1.928927 -2.447647 8.312376
"TARGET-20-PANUTB" 3.76047783853549 4.04994244218059 5.55723823476184 -4.947719 7.614265 -5.621653 -6.927145 -0.4948956 -5.621653 -0.2678727
"TARGET-20-PANUUA" 3.63891630269753 5.32266725645767 10.1343811733536 -3.656773 8.612767 -5.639382 -3.656773 -0.7645908 -6.927145 6.458922
"TARGET-20-PANVGE" 2.67764391445226 3.76109326772709 7.12236750344584 -6.927145 4.998089 -6.927145 -6.927145 -6.927145 -6.927145 2.09039
"TARGET-20-PAPVZK" 4.1544423394968 3.61208762032369 8.24688711517269 -6.927145 5.227186 -6.927145 -6.927145 -2.203581 -6.927145 4.542162
"TARGET-20-PAPWHS" 1.45163122143276 3.30010269002264 9.35189230884399 -3.84213 6.218716 -6.927145 -6.927145 0.2844178 -1.975634 5.912824
"TARGET-20-PAPWIU" -2.46581514395494 4.67056662427306 8.38614246331832 -6.927145 7.338626 -6.927145 -6.927145 0.9182326 -6.927145 8.214275
"TARGET-20-PAPWYK" 3.26931045278297 4.70149551011624 9.8914160956907 -5.580837 6.916886 -5.580837 -6.927145 -3.366645 -3.80397 4.500457
"TARGET-20-PAPXWI" 4.66254877259752 4.8078730813266 10.0280617860486 -6.927145 10.04312 -6.927145 -6.927145 -6.927145 -6.927145 1.268866
"TARGET-20-PARBFJ" -4.00538120569497 0.764868293105348 2.25703286430494 -3.549085 4.537707 -5.971331 -4.993941 -0.5081003 2.207244 1.000253
"TARGET-20-PARCZL" -4.91096138674003 4.46697806239308 7.71661569393871 -4.450067 7.681349 -3.820661 -5.592256 0.3888777 -4.910961 5.968411
"TARGET-20-PARMZF" 3.57133380453437 4.17209865155715 8.11698033828438 -6.927145 8.136705 -6.927145 -6.927145 -2.904844 -5.590905 -6.927145
"TARGET-20-PARPWL" 2.85766747044321 5.97654679084522 7.30156927101769 -6.927145 6.36102 -6.927145 -6.927145 -1.14215 -6.927145 5.017183
"TARGET-20-PARTAL" 3.5699457875116 4.31374060376956 5.19239009414825 -3.881444 6.00999 -4.716526 -6.927145 -0.7260063 -6.927145 -1.803304
"TARGET-20-PASHYZ" 2.78920755318031 5.20835697080477 7.71545855226702 -5.116438 7.328436 -4.675513 -6.927145 -2.713254 -6.927145 6.804855
"TARGET-20-PASPGA" 2.02905170978994 3.98286136239101 4.70123447583278 -5.34858 5.50697 -4.612897 -6.927145 -1.005857 1.371618 6.400174
"TARGET-20-PASWPT" -3.84805769796966 2.23151044868587 4.35329939469186 -3.385631 3.73459 -4.532741 -6.927145 -0.4806181 -6.927145 3.068191
"TARGET-20-PASXYG" -0.0789408258716099 3.92049329837695 5.44057056074172 -4.050311 4.801029 -4.050311 -6.927145 1.251341 -3.768209 -1.324551
